P: 1010.53927637810 0.000000 946.461573216188 0.000000 1011.10019447568 531.836757099065 0.000000, 0.000000, 1.000000
d: -0.346986059845099 0.107344734262419 0, 0, 0.000000
R: 0.02691166 -0.99959842 0.00887505 0.06149057 -0.0072061 -0.99808165 0.99774479 0.02740576 0.06127195
t: -0.10983835 0.14720075 0.42553048